shape_id,shape_pt_lat,shape_pt_lon,shape_pt_sequence
245200,0,43.367420,-8.408640,0
245200,1,43.367320,-8.408760,14.755927599632654
245200,2,43.367270,-8.408790,20.821547972295384
245200,3,43.367210,-8.408800,27.542044833840205
245200,4,43.367150,-8.408760,34.95599067336353
245200,5,43.366900,-8.408720,62.94217687273391
245200,6,43.366050,-8.408480,159.42858399326215
245200,7,43.364750,-8.408150,306.42306063712
245200,8,43.364620,-8.408130,320.96855468617224
245200,9,43.363950,-8.408100,395.50872056793435
245200,10,43.362460,-8.408020,561.3155646188793
245200,11,43.362180,-8.408000,592.4921403098499
245200,12,43.361980,-8.408020,614.7898534478129
245200,13,43.361880,-8.408000,626.026296304692
245200,14,43.361370,-8.407740,686.5057871141249
245200,15,43.361270,-8.407660,699.369353103638
245200,16,43.360790,-8.406830,785.108297209478
245200,17,43.360660,-8.406660,805.0542273981066
245200,18,43.360410,-8.406470,836.8144707627845
245200,19,43.359930,-8.406110,897.6074949626367
245200,20,43.359770,-8.405910,921.6483792618284
245200,21,43.359470,-8.405500,968.6748385945544
245200,22,43.359370,-8.405420,981.5385064144306
245200,23,43.358600,-8.405570,1068.0132604992934
245200,24,43.357460,-8.405880,1197.2295274194184
245200,25,43.355620,-8.406370,1405.6286045889253
245200,26,43.354960,-8.406480,1479.5542807698657
245200,27,43.354590,-8.406480,1520.6964604559005
245200,28,43.353120,-8.406830,1686.5847469639511
245200,29,43.350370,-8.407480,1996.8548393897092
245200,30,43.350160,-8.407630,2023.1678086543973
245200,31,43.349650,-8.407760,2080.843276965034
245200,32,43.348850,-8.408220,2177.262494933078
245200,33,43.348510,-8.408300,2215.618246550166
245200,34,43.348320,-8.408400,2238.239845467733
245200,35,43.348310,-8.408450,2242.4329888457696
245200,36,43.348230,-8.408500,2252.204265865089
245200,37,43.347760,-8.408440,2304.6906690058254
245200,38,43.347600,-8.408470,2322.646502136049
245200,39,43.346580,-8.408710,2437.7138427224486
245200,40,43.345390,-8.408760,2570.0977445218855
245200,41,43.345060,-8.408740,2606.827744440952
245200,42,43.344360,-8.408890,2685.603763008251
245200,43,43.343930,-8.408930,2733.526935265495
245200,44,43.343750,-8.408920,2753.558379127834
245200,45,43.343360,-8.408850,2797.292350184692
245200,46,43.342960,-8.408720,2842.9958859493545
245200,47,43.342630,-8.408550,2882.180979898017
245200,48,43.341910,-8.408050,2971.8726972402346
245200,49,43.340710,-8.407160,3123.48049851533
245200,50,43.338320,-8.405380,3425.719931253173
245200,51,43.337590,-8.404870,3516.7703569928117
245200,52,43.337540,-8.404890,3522.56062069512
245200,53,43.337400,-8.404860,3538.3158689579955
245200,54,43.337220,-8.404740,3560.559789559538
245200,55,43.337160,-8.404690,3568.3613056808317
245200,56,43.337130,-8.404690,3571.6971580873164
245200,57,43.337100,-8.404760,3578.2681494451867
245200,58,43.337040,-8.404720,3585.682795224116
245200,59,43.337030,-8.404580,3597.059826337785
245200,60,43.336940,-8.404500,3608.9767314035853
245200,61,43.336930,-8.404390,3617.942266592248
245200,62,43.336520,-8.404110,3668.846621866393
245200,63,43.336330,-8.404070,3690.2199331467996
245200,64,43.336000,-8.403850,3731.0006006300155
245200,65,43.335920,-8.403810,3740.46619744519
245200,66,43.335810,-8.403780,3752.935983531013
245200,67,43.335730,-8.403820,3762.4015838064106
245200,68,43.335690,-8.403920,3771.6316529532837
245200,69,43.335660,-8.404440,3813.819914613727
245200,70,43.335600,-8.404950,3855.6034285863343
245200,71,43.335460,-8.405340,3890.778018563562
245200,72,43.335210,-8.405790,3936.57501893961
245200,73,43.335140,-8.405950,3951.6760446130747
245200,74,43.335120,-8.406050,3960.0640247593747
245200,75,43.335140,-8.406180,3970.8107832018786
245200,76,43.335120,-8.406250,3976.893368993651
245200,77,43.335060,-8.406340,3986.767366042958
245200,78,43.335010,-8.406360,3992.557648571664
245200,79,43.334910,-8.406500,4008.4275138127896
245200,80,43.334700,-8.407020,4056.5319818373205
245200,81,43.334550,-8.407450,4095.102625029223
245200,82,43.334460,-8.407800,4125.127123108371
245200,83,43.334390,-8.408270,4163.928931890204
245200,84,43.334350,-8.408740,4202.201384657028
245200,85,43.334310,-8.409590,4271.092302917161
245200,86,43.334280,-8.409720,4282.123079410925
245200,87,43.334160,-8.410020,4309.813808506519
245200,88,43.332910,-8.412330,4542.678304478668
245200,89,43.332940,-8.412370,4547.325310713515
245200,90,43.332950,-8.412430,4552.303926918899
245200,91,43.332940,-8.412510,4558.869247144646
245200,92,43.332900,-8.412560,4564.88067474597
245200,93,43.332850,-8.412570,4570.498951882138
245200,94,43.332810,-8.412560,4575.019696031429
245200,95,43.332780,-8.412510,4580.262051134285
245200,96,43.332760,-8.412450,4585.600221120628
245201,0,43.332760,-8.412450,0
245201,1,43.332770,-8.412380,5.76983905380959
245201,2,43.332800,-8.412330,11.012194670350077
245201,3,43.332850,-8.412310,16.80249364415949
245201,4,43.332910,-8.412330,23.667501868196837
245201,5,43.333730,-8.410810,176.7282242421966
245201,6,43.334160,-8.410020,256.5324803387
245201,7,43.334280,-8.409720,284.2232094342941
245201,8,43.334310,-8.409590,295.2539859280586
245201,9,43.334350,-8.408740,364.1449041881919
245201,10,43.334390,-8.408270,402.4173569550161
245201,11,43.334460,-8.407800,441.21916573684905
245201,12,43.334530,-8.407150,494.36349807687327
245201,13,43.334620,-8.406750,528.2274891807631
245201,14,43.334790,-8.406310,568.523057061177
245201,15,43.334850,-8.406160,582.3683165787292
245201,16,43.334880,-8.406030,593.3989990043297
245201,17,43.334930,-8.405970,600.778669004095
245201,18,43.335000,-8.405950,608.7286254742552
245201,19,43.335070,-8.405980,616.8816884390291
245201,20,43.335120,-8.406050,624.8166120800221
245201,21,43.335140,-8.406180,635.5633705225259
245201,22,43.335190,-8.406310,647.4569745139943
245201,23,43.335940,-8.407240,759.7618642183761
245201,24,43.336300,-8.407680,813.3227025498685
245201,25,43.336370,-8.407730,822.094119989892
245201,26,43.336510,-8.407780,838.1780744662049
245201,27,43.336570,-8.407770,844.8986205364491
245201,28,43.336930,-8.407520,889.7453078771327
245201,29,43.337460,-8.407010,961.6786621359892
245201,30,43.337700,-8.406460,1013.5511399414341
245201,31,43.338100,-8.405410,1109.412302670042
245201,32,43.338280,-8.404980,1149.5366036919932
245201,33,43.338370,-8.404800,1167.2019740907397
245201,34,43.338640,-8.404400,1211.336360234672
245201,35,43.338660,-8.404310,1218.9471222635761
245201,36,43.338710,-8.404250,1226.3265936313544
245201,37,43.338770,-8.404230,1233.191565076094
245201,38,43.338830,-8.404270,1240.606170642959
245201,39,43.339040,-8.404530,1272.029101023109
245201,40,43.339130,-8.404670,1287.1401217598743
245201,41,43.339170,-8.404860,1303.1367062410345
245201,42,43.339220,-8.405370,1344.754749151786
245201,43,43.339270,-8.405600,1364.168557330243
245201,44,43.339370,-8.405800,1383.796528241914
245201,45,43.339760,-8.406250,1440.4094781450353
245201,46,43.340850,-8.407060,1578.1812465905325
245201,47,43.341980,-8.407900,1721.0188533778626
245201,48,43.342630,-8.408360,1802.3068412241962
245201,49,43.342970,-8.408530,1842.5350983822868
245201,50,43.343420,-8.408690,1894.2186691601485
245201,51,43.343600,-8.408730,1914.4934789786535
245201,52,43.344140,-8.408750,1974.560599776144
245201,53,43.344370,-8.408720,2000.250271818773
245201,54,43.345050,-8.408570,2076.829676070134
245201,55,43.345350,-8.408410,2112.6094401860087
245201,56,43.346500,-8.407900,2246.9694823259656
245201,57,43.347600,-8.407650,2370.9433745519627
245201,58,43.347770,-8.407590,2390.4592231983347
245201,59,43.347970,-8.407450,2415.4137515551556
245201,60,43.347980,-8.407400,2419.6069167692503
245201,61,43.348020,-8.407350,2425.617668789488
245201,62,43.348080,-8.407330,2432.4825818011086
245201,63,43.348150,-8.407340,2440.3081258540137
245201,64,43.348270,-8.407430,2455.507068520419
245201,65,43.348430,-8.407450,2473.371631596545
245201,66,43.348640,-8.407400,2497.0700186958434
245201,67,43.349020,-8.407300,2540.0908799267354
245201,68,43.349270,-8.407280,2567.9366499445346
245201,69,43.349830,-8.407310,2630.253126022997
245201,70,43.350030,-8.407300,2652.506836738336
245201,71,43.350160,-8.407270,2667.1643149014635
245201,72,43.350360,-8.407300,2689.535234052069
245201,73,43.353450,-8.406600,3037.7585116943887
245201,74,43.354590,-8.406370,3165.8776772658025
245201,75,43.355910,-8.406040,3315.060471268153
245201,76,43.358420,-8.405350,3599.680644622957
245201,77,43.359670,-8.405070,3740.505785378392
245201,78,43.360280,-8.404970,3808.8148773367006
245201,79,43.361430,-8.404850,3937.056686289458
245201,80,43.361780,-8.404890,3976.109077233705
245201,81,43.362630,-8.405170,4073.2976381055414
245201,82,43.362770,-8.405190,4088.9486860584957
245201,83,43.363090,-8.405200,4124.54029381533
245201,84,43.363180,-8.405230,4134.837521306215
245201,85,43.364420,-8.405050,4273.485112319257
245201,86,43.364780,-8.405000,4313.718885073918
245201,87,43.365790,-8.404770,4427.554545254946
245201,88,43.365990,-8.404760,4449.808248244626
245201,89,43.366100,-8.404820,4462.966253331612
245201,90,43.366310,-8.404990,4490.060832457093
245201,91,43.367200,-8.405810,4609.172342139446
245201,92,43.367320,-8.405950,4626.668608972834
245201,93,43.367390,-8.406090,4640.4038798543015
245201,94,43.367510,-8.406230,4657.900123759094
245201,95,43.367810,-8.406500,4697.764106848824
245201,96,43.367900,-8.406560,4708.885002069979
245201,97,43.367770,-8.407010,4748.027475142353
245201,98,43.367690,-8.407330,4775.381384150414
245201,99,43.367740,-8.408080,4836.261706179493
245201,100,43.367720,-8.408190,4845.42739476217
245201,101,43.367660,-8.408250,4853.675720779364
245201,102,43.367610,-8.408380,4865.564353753998
245201,103,43.367560,-8.408480,4875.375236272525
245201,104,43.367420,-8.408640,4895.614273646558
245202,0,43.340850,-8.407060,0
245202,1,43.341980,-8.407900,142.83760678733015
245202,2,43.342630,-8.408360,224.1255946336638
245202,3,43.342970,-8.408530,264.3538517917544
245202,4,43.343420,-8.408690,316.03742256961596
245202,5,43.343600,-8.408730,336.31223238812083
245202,6,43.344140,-8.408750,396.3793531856113
245202,7,43.344370,-8.408720,422.0690252282402
245202,8,43.345050,-8.408570,498.6484294796015
245202,9,43.345350,-8.408410,534.428193595476
245202,10,43.346500,-8.407900,668.7882357354329
245202,11,43.347600,-8.407650,792.7621279614302
245202,12,43.347770,-8.407590,812.277976607802
245202,13,43.347970,-8.407450,837.2325049646229
245202,14,43.347980,-8.407400,841.4256701787175
245202,15,43.348020,-8.407350,847.4364221989553
245202,16,43.348080,-8.407330,854.3013352105758
245202,17,43.348150,-8.407340,862.1268792634808
245202,18,43.348270,-8.407430,877.325821929886
245202,19,43.348430,-8.407450,895.1903850060119
245202,20,43.348640,-8.407400,918.8887721053105
245202,21,43.349020,-8.407300,963.0022618225718
245202,22,43.349270,-8.407280,990.848031840371
245202,23,43.349830,-8.407310,1053.1645079188334
245202,24,43.350030,-8.407300,1075.418218634172
245202,25,43.350160,-8.407270,1090.0756967972998
245202,26,43.350360,-8.407300,1112.4466159479052
245202,27,43.353450,-8.406600,1460.6698935902252
245202,28,43.354590,-8.406370,1589.8893354872157
245202,29,43.355910,-8.406040,1739.0721294895664
245202,30,43.358420,-8.405350,2023.6923028443707
245202,31,43.359670,-8.405070,2164.5174435998056
245202,32,43.360280,-8.404970,2232.926927028315
245202,33,43.361430,-8.404850,2361.168735981072
245202,34,43.361780,-8.404890,2400.2211269253194
245202,35,43.362630,-8.405170,2497.4096877971556
245202,36,43.362770,-8.405190,2513.06073575011
245202,37,43.363090,-8.405200,2548.652343506945
245202,38,43.363180,-8.405230,2558.94957099783
245202,39,43.364420,-8.405050,2697.5971620108717
245202,40,43.364780,-8.405000,2738.9374111348598
245202,41,43.365790,-8.404770,2852.773071315888
245202,42,43.365990,-8.404760,2875.026774305569
245202,43,43.366100,-8.404820,2888.1847793925544
245202,44,43.366310,-8.404990,2915.279358518035
245202,45,43.367200,-8.405810,3034.390868200388
245202,46,43.367320,-8.405950,3051.887135033775
245202,47,43.367390,-8.406090,3065.622405915243
245202,48,43.367510,-8.406230,3083.1186498200354
245202,49,43.367810,-8.406500,3122.9826329097655
245202,50,43.367900,-8.406560,3134.103528130921
245202,51,43.367770,-8.407010,3173.246001203295
245202,52,43.367690,-8.407330,3200.5999102113556
245202,53,43.367740,-8.408080,3261.480232240434
245202,54,43.367720,-8.408190,3270.645920823111
245202,55,43.367660,-8.408250,3278.8942468403056
245202,56,43.367610,-8.408380,3290.7828798149394
245202,57,43.367560,-8.408480,3300.593762333467
245202,58,43.367420,-8.408640,3320.8327997075003
400000,0,43.332760,-8.412450,0
400000,1,43.332770,-8.412380,5.76983905380959
400000,2,43.332800,-8.412330,11.012194670350077
400000,3,43.332850,-8.412310,16.80249364415949
400000,4,43.332910,-8.412330,23.667501868196837
400000,5,43.333730,-8.410810,176.7282242421966
400000,6,43.333730,-8.410820,177.53702266367256
400000,7,43.334160,-8.410020,257.99029594464866
400000,8,43.334280,-8.409720,285.6810250402428
400000,9,43.334310,-8.409590,296.7118015340073
400000,10,43.334350,-8.408740,365.60271979414057
400000,11,43.334390,-8.408270,403.87517256096476
400000,12,43.334460,-8.407800,442.6769813427977
400000,13,43.334530,-8.407150,495.82131368282194
400000,14,43.334620,-8.406750,529.6853047867118
400000,15,43.334790,-8.406310,569.9808726671257
400000,16,43.334792,-8.406305,570.4613684735613
400000,17,43.334850,-8.406160,583.8261321846782
400000,18,43.334880,-8.406030,594.8568146102787
400000,19,43.334930,-8.405970,602.236484610044
400000,20,43.335000,-8.405950,610.1864410802042
400000,21,43.335070,-8.405980,618.3395040449781
400000,22,43.335120,-8.406050,626.2744276859711
400000,23,43.335140,-8.406180,637.0211861284749
400000,24,43.335190,-8.406310,648.9147901199433
400000,25,43.335940,-8.407240,761.2196798243251
400000,26,43.336300,-8.407680,814.7805181558175
400000,27,43.336370,-8.407730,823.551935595841
400000,28,43.336510,-8.407780,839.6358900721539
400000,29,43.336570,-8.407770,846.3564361423981
400000,30,43.336720,-8.407850,864.2466478691673
400000,31,43.336840,-8.407990,881.7465924298411
400000,32,43.336880,-8.408130,893.9114637692123
400000,33,43.336900,-8.408270,905.4503871586384
400000,34,43.336880,-8.408390,915.4070050030691
400000,35,43.336870,-8.408540,927.5892067502326
400000,36,43.337200,-8.409190,991.6983389906654
400000,37,43.337560,-8.409790,1054.603773855323
400000,38,43.337750,-8.410080,1086.1699904828622
400000,39,43.338140,-8.410610,1147.1444360316782
400000,40,43.338290,-8.410790,1169.2829242282594
400000,41,43.338450,-8.410920,1189.948415670449
400000,42,43.338550,-8.410930,1201.0972950220387
400000,43,43.338630,-8.410990,1211.230291629028
400000,44,43.338690,-8.411090,1221.7143992617277
400000,45,43.338700,-8.411160,1227.4836958245744
400000,46,43.338800,-8.411320,1244.5447457248958
400000,47,43.339030,-8.411560,1276.6508630586734
400000,48,43.339210,-8.411750,1301.8840317283812
400000,49,43.340170,-8.412870,1441.880779581259
400000,50,43.340260,-8.412920,1452.6743693899086
400000,51,43.340310,-8.412890,1458.7404214579785
400000,52,43.340440,-8.412910,1473.285987520772
400000,53,43.340550,-8.412990,1487.1230815173317
400000,54,43.340600,-8.413110,1498.3073532118578
400000,55,43.340590,-8.413210,1506.470510298993
400000,56,43.340680,-8.413420,1526.182636117364
400000,57,43.340750,-8.413510,1536.83907321309
400000,58,43.341220,-8.414060,1605.4658153191294
400000,59,43.341330,-8.414150,1619.6989444410483
400000,60,43.341570,-8.414290,1648.688047252704
400000,61,43.341800,-8.414350,1674.7191306477062
400000,62,43.341900,-8.414360,1685.8680067633811
400000,63,43.342130,-8.414340,1711.4939662964239
400000,64,43.342300,-8.414300,1730.671900206006
400000,65,43.342440,-8.414240,1746.9778516972688
400000,66,43.342580,-8.414140,1764.52030740961
400000,67,43.342610,-8.414100,1769.1669549894664
400000,68,43.342650,-8.414100,1773.6147581986393
400000,69,43.342690,-8.414150,1779.625749012816
400000,70,43.342690,-8.414190,1782.8604653375905
400000,71,43.342660,-8.414250,1788.7486356594939
400000,72,43.342830,-8.414830,1839.3179276687008
400000,73,43.342850,-8.414960,1850.0633800061662
400000,74,43.342890,-8.414990,1855.129796411611
400000,75,43.342910,-8.415040,1859.7444114176956
400000,76,43.342900,-8.415120,1866.308685707557
400000,77,43.342850,-8.415160,1872.740962956296
400000,78,43.342860,-8.415300,1884.1169139806034
400000,79,43.342950,-8.415550,1906.6751600739287
400000,80,43.343020,-8.415620,1916.299562097039
400000,81,43.343200,-8.415720,1937.8865972553397
400000,82,43.344070,-8.415740,2034.6398357208577
400000,83,43.344060,-8.415750,2036.014741834452
400000,84,43.344060,-8.415740,2036.8234026665189
400000,85,43.344280,-8.415700,2061.4992455002757
400000,86,43.344360,-8.415650,2071.270631382712
400000,87,43.344450,-8.415560,2083.644762428615
400000,88,43.344490,-8.415430,2095.0594909100555
400000,89,43.344590,-8.415240,2114.025494727196
400000,90,43.344740,-8.415100,2134.184015662342
400000,91,43.344830,-8.415060,2144.7013284886243
400000,92,43.344930,-8.415040,2155.937836726241
400000,93,43.345080,-8.415070,2172.792598364838
400000,94,43.345250,-8.414970,2193.352764928354
400000,95,43.345300,-8.414920,2200.2272480952847
400000,96,43.345700,-8.414130,2278.0687117627544
400000,97,43.346370,-8.413000,2395.9664370037294
400000,98,43.346860,-8.412270,2476.298196335891
400000,99,43.347230,-8.411810,2531.762272159477
400000,100,43.347800,-8.411210,2611.5812200256164
400000,101,43.348230,-8.410840,2667.9840947677167
400000,102,43.348670,-8.410530,2722.9575015283085
400000,103,43.349550,-8.409970,2830.7783718453097
400000,104,43.349620,-8.409920,2839.5493824788578
400000,105,43.349650,-8.409860,2845.437094402781
400000,106,43.349660,-8.409800,2850.4144088892426
400000,107,43.349720,-8.409690,2861.5329871281174
400000,108,43.349810,-8.409640,2872.3263386633153
400000,109,43.349900,-8.409660,2882.463716603863
400000,110,43.350030,-8.409640,2897.0092542585885
400000,111,43.350570,-8.409320,2962.3922207869095
400000,112,43.350579,-8.409314,2963.487535601277
400000,113,43.350990,-8.409050,3013.944929219842
400000,114,43.351280,-8.408810,3051.580267934394
400000,115,43.351630,-8.408440,3100.66842982945
400000,116,43.353640,-8.405900,3404.19828665704
400000,117,43.353870,-8.405570,3441.1574365052616
400000,118,43.353980,-8.405370,3461.4329515128093
400000,119,43.354120,-8.404980,3496.598913937065
400000,120,43.354260,-8.404380,3547.547043835159
400000,121,43.354300,-8.404130,3568.243735701824
400000,122,43.354290,-8.404020,3577.2067467476386
400000,123,43.354310,-8.403940,3584.0465778196794
400000,124,43.354370,-8.403880,3592.2955314748874
400000,125,43.354410,-8.403870,3596.816224251326
400000,126,43.354480,-8.403890,3604.7660751418666
400000,127,43.354530,-8.403990,3614.578393728747
400000,128,43.354720,-8.404100,3637.5011151642725
400000,129,43.355050,-8.404230,3675.6711612409567
400000,130,43.355816,-8.404462,3762.2011953348706
400000,131,43.356210,-8.404590,3807.26810700044
400000,132,43.356620,-8.404410,3855.124500279392
400000,133,43.356910,-8.404110,3895.4746458659297
400000,134,43.356930,-8.404050,3900.8110611967318
400000,135,43.357040,-8.403980,3914.288361568689
400000,136,43.357200,-8.403990,3932.09793498312
400000,137,43.357370,-8.404090,3952.65746653593
400000,138,43.357650,-8.404120,3983.8864194353905
400000,139,43.357900,-8.404080,4011.872662602142
400000,140,43.358140,-8.404000,4039.3320643339002
400000,141,43.358270,-8.403880,4056.7412521247793
400000,142,43.359010,-8.402980,4166.582152719964
400000,143,43.359120,-8.402930,4179.464264805797
400000,144,43.359200,-8.402930,4188.359871224933
400000,145,43.359260,-8.402950,4195.224714062838
400000,146,43.359370,-8.403040,4209.456737233297
400000,147,43.360280,-8.404080,4341.017268669905
400000,148,43.360820,-8.404530,4411.223656114047
400000,149,43.361180,-8.404790,4456.436826489376
400000,150,43.361600,-8.405030,4507.008761235838
400000,151,43.361920,-8.405140,4543.685575287164
400000,152,43.362690,-8.405260,4629.8536106585225
400000,153,43.363180,-8.405230,4684.393148373642
400000,154,43.364780,-8.405000,4863.274194336373
400000,155,43.365790,-8.404770,4977.109854517401
400000,156,43.365990,-8.404760,4999.363557507081
400000,157,43.366100,-8.404820,5012.521562594067
400000,158,43.366310,-8.404990,5039.616141719548
400000,159,43.367200,-8.405810,5158.727651401901
400000,160,43.367320,-8.405950,5176.223918235289
400000,161,43.367390,-8.406090,5189.9591891167565
400000,162,43.367510,-8.406230,5207.455433021549
400000,163,43.367810,-8.406500,5247.319416111279
400000,164,43.367900,-8.406560,5258.440311332434
400000,165,43.367770,-8.407010,5297.582784404808
400000,166,43.367690,-8.407330,5324.936693412869
400000,167,43.367740,-8.408080,5385.817015441948
400000,168,43.367720,-8.408190,5394.982704024625
400000,169,43.367660,-8.408250,5403.231030041819
400000,170,43.367610,-8.408380,5415.119663016453
400000,171,43.367560,-8.408480,5424.93054553498
400000,172,43.367420,-8.408640,5445.169582909013
400001,0,43.367420,-8.408640,0
400001,1,43.367320,-8.408760,14.755927599632654
400001,2,43.367270,-8.408790,20.821547972295384
400001,3,43.367210,-8.408800,27.542044833840205
400001,4,43.367150,-8.408760,34.95599067336353
400001,5,43.366900,-8.408720,62.94217687273391
400001,6,43.366050,-8.408480,159.42858399326215
400001,7,43.364620,-8.408130,320.93510553212207
400001,8,43.361880,-8.408000,625.7908217900997
400001,9,43.361370,-8.407740,686.2703125995326
400001,10,43.361270,-8.407660,699.1338785890457
400001,11,43.360790,-8.406830,784.8728226948857
400001,12,43.360660,-8.406660,804.8187528835143
400001,13,43.359930,-8.406110,897.3716955322647
400001,14,43.359770,-8.405910,921.4125798314564
400001,15,43.359470,-8.405500,968.4390391641824
400001,16,43.359370,-8.405420,981.3027069840585
400001,17,43.359220,-8.405400,998.0601590126477
400001,18,43.358440,-8.405470,1084.9767576503348
400001,19,43.356600,-8.405970,1293.53091192449
400001,20,43.354590,-8.406480,1520.8048114038195
400001,21,43.353120,-8.406830,1686.6930979118702
400001,22,43.350370,-8.407480,1996.9631903376282
400001,23,43.350160,-8.407630,2023.2761596023163
400001,24,43.349650,-8.407760,2080.951627912953
400001,25,43.348850,-8.408220,2177.370845880997
400001,26,43.348510,-8.408300,2215.726597498085
400001,27,43.348320,-8.408400,2238.348196415652
400001,28,43.348310,-8.408450,2242.5413397936886
400001,29,43.348230,-8.408500,2252.312616813008
400001,30,43.347760,-8.408440,2304.7990199537444
400001,31,43.347600,-8.408470,2322.754853083968
400001,32,43.346580,-8.408710,2437.8221936703676
400001,33,43.345390,-8.408760,2570.2060954698045
400001,34,43.345060,-8.408740,2606.936095388871
400001,35,43.344360,-8.408890,2685.71211395617
400001,36,43.343930,-8.408930,2733.635286213414
400001,37,43.343750,-8.408920,2753.666730075753
400001,38,43.343360,-8.408850,2797.400701132611
400001,39,43.342960,-8.408720,2843.104236897273
400001,40,43.342630,-8.408550,2882.2893308459356
400001,41,43.341910,-8.408050,2971.981048188153
400001,42,43.340710,-8.407160,3123.5888494632486
400001,43,43.338320,-8.405380,3425.8282822010915
400001,44,43.336520,-8.404110,3650.7950855215668
400001,45,43.336330,-8.404070,3672.1683968019734
400001,46,43.336000,-8.403850,3712.9490642851893
400001,47,43.335920,-8.403810,3722.414661100364
400001,48,43.335810,-8.403780,3734.8844471861867
400001,49,43.335730,-8.403820,3744.3500474615844
400001,50,43.335690,-8.403920,3753.5801166084575
400001,51,43.335660,-8.404440,3795.768378268901
400001,52,43.335600,-8.404950,3837.551892241508
400001,53,43.335460,-8.405340,3872.726482218736
400001,54,43.335210,-8.405790,3918.5234825947837
400001,55,43.335140,-8.405950,3933.6245082682485
400001,56,43.335120,-8.406050,3942.0124884145484
400001,57,43.335140,-8.406180,3952.7592468570524
400001,58,43.335120,-8.406250,3958.841832648825
400001,59,43.335060,-8.406340,3968.715829698132
400001,60,43.335010,-8.406360,3974.5061122268376
400001,61,43.334910,-8.406500,3990.3759774679634
400001,62,43.334700,-8.407020,4038.4804454924943
400001,63,43.334550,-8.407450,4077.0510886843967
400001,64,43.334460,-8.407800,4107.075586763545
400001,65,43.334390,-8.408270,4145.877395545378
400001,66,43.334350,-8.408740,4184.149848312202
400001,67,43.334310,-8.409590,4253.040766572336
400001,68,43.334280,-8.409720,4264.0715430661
400001,69,43.334160,-8.410020,4291.762272161694
400001,70,43.332910,-8.412330,4524.626768133843
400001,71,43.332940,-8.412370,4529.27377436869
400001,72,43.332950,-8.412430,4534.2523905740745
400001,73,43.332940,-8.412510,4540.817710799821
400001,74,43.332900,-8.412560,4546.829138401145
400001,75,43.332850,-8.412570,4552.447415537313
400001,76,43.332810,-8.412560,4556.968159686604
400001,77,43.332780,-8.412510,4562.21051478946
400001,78,43.332760,-8.412450,4567.548684775803
400001,79,43.332770,-8.412380,4573.318523829613
400001,80,43.332800,-8.412330,4578.560879446153
400001,81,43.332850,-8.412310,4584.351178419963
400001,82,43.332910,-8.412330,4591.216186644
400001,83,43.334160,-8.410020,4824.080682616148
400001,84,43.334280,-8.409720,4851.771411711742
400001,85,43.334310,-8.409590,4862.802188205506
400001,86,43.334350,-8.408740,4931.69310646564
400001,87,43.334390,-8.408270,4969.965559232464
400001,88,43.334460,-8.407800,5008.767368014297
400001,89,43.334530,-8.407150,5061.9117003543215
400001,90,43.334620,-8.406750,5095.775691458211
400001,91,43.334850,-8.406160,5149.915433693489
400001,92,43.334880,-8.406030,5160.946116119089
400001,93,43.334930,-8.405970,5168.325786118855
400001,94,43.335000,-8.405950,5176.275742589015
400001,95,43.335070,-8.405980,5184.428805553789
400001,96,43.335120,-8.406050,5192.363729194782
400001,97,43.335140,-8.406180,5203.110487637286
400001,98,43.335190,-8.406310,5215.0040916287535
400001,99,43.335940,-8.407240,5327.308981333135
400001,100,43.336300,-8.407680,5380.869819664627
400001,101,43.336370,-8.407730,5389.641237104651
400001,102,43.336510,-8.407780,5405.725191580964
400001,103,43.336570,-8.407770,5412.445737651208
400001,104,43.336720,-8.407850,5430.335949377977
400001,105,43.336840,-8.407990,5447.835893938651
400001,106,43.336880,-8.408130,5460.000765278022
400001,107,43.336900,-8.408270,5471.539688667448
400001,108,43.336880,-8.408390,5481.496306511879
400001,109,43.336870,-8.408540,5493.678508259042
400001,110,43.337200,-8.409190,5557.787640499475
400001,111,43.337560,-8.409790,5620.693075364133
400001,112,43.337750,-8.410080,5652.2592919916715
400001,113,43.338140,-8.410610,5713.233737540488
400001,114,43.338290,-8.410790,5735.372225737069
400001,115,43.338450,-8.410920,5756.037717179259
400001,116,43.338550,-8.410930,5767.186596530849
400001,117,43.338630,-8.410990,5777.319593137838
400001,118,43.338690,-8.411090,5787.803700770537
400001,119,43.338700,-8.411160,5793.572997333384
400001,120,43.338800,-8.411320,5810.634047233705
400001,121,43.339030,-8.411560,5842.740164567483
400001,122,43.339210,-8.411750,5867.973333237191
400001,123,43.340170,-8.412870,6007.970081090069
400001,124,43.340260,-8.412920,6018.763670898718
400001,125,43.340310,-8.412890,6024.829722966788
400001,126,43.340440,-8.412910,6039.375289029581
400001,127,43.340550,-8.412990,6053.212383026141
400001,128,43.340600,-8.413110,6064.396654720667
400001,129,43.340590,-8.413210,6072.559811807802
400001,130,43.340680,-8.413420,6092.271937626173
400001,131,43.340750,-8.413510,6102.928374721899
400001,132,43.341220,-8.414060,6171.555116827938
400001,133,43.341330,-8.414150,6185.788245949857
400001,134,43.341570,-8.414290,6214.777348761513
400001,135,43.341800,-8.414350,6240.808432156516
400001,136,43.341900,-8.414360,6251.957308272191
400001,137,43.342130,-8.414340,6277.583267805234
400001,138,43.342300,-8.414300,6296.761201714816
400001,139,43.342440,-8.414240,6313.067153206079
400001,140,43.342580,-8.414140,6330.60960891842
400001,141,43.342610,-8.414100,6335.256256498276
400001,142,43.342650,-8.414100,6339.704059707449
400001,143,43.342690,-8.414150,6345.715050521626
400001,144,43.342690,-8.414190,6348.949766846401
400001,145,43.342660,-8.414250,6354.837937168304
400001,146,43.342830,-8.414830,6405.407229177511
400001,147,43.342850,-8.414960,6416.152681514976
400001,148,43.342890,-8.414990,6421.2190979204215
400001,149,43.342910,-8.415040,6425.833712926506
400001,150,43.342900,-8.415120,6432.397987216368
400001,151,43.342850,-8.415160,6438.830264465108
400001,152,43.342860,-8.415300,6450.206215489415
400001,153,43.342950,-8.415550,6472.76446158274
400001,154,43.343020,-8.415620,6482.388863605851
400001,155,43.343200,-8.415720,6503.975898764152
400001,156,43.344070,-8.415740,6600.7291372296695